6.407874342869587126e-12
7.400394594353944125e-04
2.506359558607580005e-06
3.463693646425550311e-07
1.365490171513414873e-05
7.644180115743608259e-05
1.125271384595208281e-03
8.748613856458736155e-07
1.018745196294942275e-10
5.962091634495205437e-05
1.782575437978067660e-03
1.015140381717671294e-04
2.858176830740858081e-03
2.030734828886959796e-12
5.345631326471692339e-04
2.941785109334094490e-07
8.513520866241815590e-04
7.013169217624387449e-07
3.656472889251344609e-06
4.720128986612102430e-03
5.939917981141778136e-05
4.288247908672095725e-08
2.460762697460891706e-06
1.794063315057927430e-04
1.115553260249237122e-03
1.992877763304197946e-04
9.405055815294563470e-03
3.188610776806532463e-06
1.190303463883849409e-02
2.338949708905875280e-01
7.570576222033492534e-05
1.000000000000000000e+00
2.130044065520726558e-05
5.136846838072962787e-05
1.995960267092972053e-03
9.999999999993889332e-01
1.201133798907973814e-05
1.752787287513769018e-06
6.868886009747821736e-04
2.128967031345957298e-04
1.000000000000000000e+00
1.087671742453603929e-04
3.689716688480776732e-06
1.313120259840671863e-10
5.405727389444552442e-07
1.396830422975205589e-04
3.720503083859101218e-07
1.539287791216011290e-06
1.178164006718177173e-10
1.000000000000000000e+00
1.203491927641887486e-04
1.530799193918791118e-05
8.659370537736734482e-05
1.412978797100793681e-02
2.205633247433262452e-09
6.277725719162377766e-06
8.669875365511693242e-04
2.659541894994676536e-04
5.870639874761764401e-09
3.713935962674349152e-11
1.734305235397794364e-10
4.137706868845788394e-03
3.132772453300167615e-05
2.648773719575943844e-15
2.112046889547875136e-10
2.248802076125127822e-02
2.231119315411437751e-02
2.489291568593936504e-03
1.000000000000000000e+00
1.346909817432248428e-14
4.846203238833159295e-03
9.999999999999431566e-01
1.428991979061172094e-04
4.261404729691452981e-03
3.738315744321286938e-02
5.441448502868109327e-07
2.591479527544553185e-02
1.575370819821059545e-02
1.469140033962465135e-05
4.397938590675048399e-14
2.415335232688992431e-03
1.000000000000000000e+00
4.198301365847807322e-07
9.999999998533155576e-01
3.901695189519765461e-01
9.931142160311588827e-06
6.200955811440364085e-04
1.252638432244193491e-04
3.599329699633437300e-04
8.352876790789399322e-08
2.731430764150395429e-01
9.937397847945408369e-01
2.419647654753023650e-08
1.657387589078822472e-04
2.027705272338321254e-04
4.628344274185292426e-10
1.301325073563691468e-06
6.831490477253225830e-04
1.000000000000000000e+00
1.978005190536029988e-08
1.000000000000000000e+00
6.928430840285671948e-12
2.185710857712284223e-05
3.213436998878533234e-04
3.987218943686997074e-11
9.999998869112325384e-01
9.880606406701174516e-01
1.220644054636718379e-01
6.055627966565622217e-02
4.730454373815226425e-03
3.738026044600139431e-06
4.909315588925712267e-05
4.445683796834778857e-07
1.302166104013028546e-09
5.000428061238976901e-03
1.312764327176605982e-06
4.640651061473884147e-05
3.692913482248668527e-02
9.999999999992610356e-01
7.674914395222337136e-05
6.731326901719454246e-04
6.134284729427555819e-07
1.161411694964640967e-05
8.796035205113752626e-30
1.584130689331966181e-12
4.527047245891488620e-12
1.367546931537953334e-11
9.638139842067260099e-03
6.590194039799214824e-05
1.152537676319759057e-02
8.527697847243259632e-01
7.106493696469491828e-14
4.220470319770055362e-05
3.285462086567393553e-08
2.639976876331190245e-05
4.450279998606716542e-05
6.393399532259960195e-03
3.075683745577034722e-01
2.167054055869933535e-03
1.167636703756287437e-10
4.180863012718119156e-08
1.000000000000000000e+00
1.674576895560697751e-03
1.226130649156238338e-04
1.000000000000000000e+00
1.470506577252123981e-04
1.322225453666433202e-05
1.195248539231994744e-10
1.728568516999003102e-02
1.773065215867516671e-03
5.404796316280136318e-04
1.819866054712938204e-08
2.767656191268574651e-09
1.000000000000000000e+00
2.751641115886888914e-08
1.004076371296920957e-03
2.530624955176239733e-03
2.530346611125006325e-06
1.257358476079120484e-02
1.000000000000000000e+00
1.192179601032966900e-07
5.342738992828113430e-04
1.706137478051490686e-02
1.000000000000000000e+00
1.887643762112072105e-05
3.040956304710213395e-11
2.721802893061592572e-19
8.380067708372514708e-06
3.177279319702190907e-01
3.570966687237571392e-04
2.555662506968694924e-06
7.999845783876202178e-05
2.157813051979808332e-05
6.275938481793328326e-03
3.539681211935847595e-03
1.619704641072606480e-04
1.913862472410879714e-02
9.999999999956514785e-01
5.366331773003989413e-05
5.958554476907578987e-04
9.397192714475209376e-12
5.143270412704858052e-04
4.765806041008931460e-01
2.181479321258131645e-04
3.588264947002433041e-05
8.922878751170239481e-04
1.779968772795377511e-23
6.154451814826522720e-59
1.000000000000000000e+00
1.841614706613878619e-02
9.652308669210931005e-07
1.011183198507519885e-09
1.138869467485002437e-02
3.306856981836955121e-06
4.935876537743748260e-09
1.906545810777619368e-08
1.111577286644964239e-02
9.747472807612157477e-07
9.892202555257094133e-16
3.036970670511945393e-03
1.250704331223022043e-04
9.830753669009405726e-11
9.999999994375627921e-01
9.881368479287356080e-04
1.250320945834254260e-08
1.183723973277319439e-03
4.182114986395717993e-01
8.570442335697907353e-04
4.899873808876006008e-03
1.000000000000000000e+00
7.823375812094373119e-03
1.501198372339802072e-05
1.198697503550661813e-04
2.431927910517925773e-03
3.478089667002484702e-05
9.999587099769128296e-01
7.514986143200183393e-07
5.286712302540616743e-06
2.147149552064337927e-02
9.999999594754037657e-01
3.361119366487268570e-03
2.931930456141558505e-02
1.118183179047307040e-02
1.000000000000000000e+00
2.112055618666701959e-04
2.744469272225736256e-07
3.323704934008570033e-02
5.038745308634962326e-16
3.306070133233427792e-12
2.524681442950713537e-13
1.759459670618120465e-23
1.087744048072880887e-01
2.717278203797200849e-04
5.140587681931872807e-09
1.657069627684462845e-11
1.000000000000000000e+00
1.235275263343946794e-05
2.568797466478855874e-10
1.690224965303865315e-04
9.999999917791484449e-01
3.455229163838803076e-04
4.018226185695262243e-01
3.586582538328695493e-23
9.999999862407094042e-01
9.785318956167257110e-01
1.981953685662701369e-03
5.719655204166447586e-05
1.368859688066574576e-04
1.386185428197479078e-05
5.211409916626675784e-04
1.931311369922759534e-04
2.055558314685306766e-07
9.999630328903207355e-01
6.390222273888362023e-19
9.998638153547813046e-01
2.581616333741111580e-04
8.443574018976040055e-03
3.488554494409173805e-03
9.636509171330007728e-01
9.851494427421508479e-03
1.000000000000000000e+00
2.181404172699297755e-10
5.317752622394592704e-04
9.982023136426900756e-01
1.503074160053740046e-08
4.056795865038116851e-03
1.756364562801463955e-02
4.550554579016102713e-06
4.915527406082450320e-05
3.103852178356784138e-12
2.598930884031963918e-12
4.244667616200616199e-07
6.271775568251487291e-14
2.225969807557154352e-07
6.451885330961350154e-05
1.578515798855744945e-01
2.527898172706413207e-09
3.664032895253047095e-02
1.930433718029232268e-06
1.364377700835050833e-06
3.644222778793815902e-07
6.310198536491325801e-05
3.451279832577429981e-04
2.628992063799701117e-04
1.000000000000000000e+00
3.945719492584050248e-02
1.213473585212482969e-02
6.804149335104221069e-03
1.365615778847336392e-05
2.431108594963790007e-03
5.825975348765363108e-04
1.226781758353884255e-02
7.384502101750412933e-16
2.420996591509914259e-12
8.669875365511693242e-04
1.000000000000000000e+00
1.370877271707426626e-01
3.044670358895206277e-03
9.467012158025130204e-06
3.460097674959348914e-03
1.827643515253770529e-03
4.524480771975611577e-04
4.906407252399858622e-06
2.758401636070442959e-05
1.810221051278127977e-02
1.868256278167346494e-05
2.539529345672141957e-04
1.226105248829459718e-02
1.671510618283009175e-01
8.376263928460993631e-07
2.233905474146564722e-06
4.435384798225077731e-03
1.020700262319259673e-09
3.784592679254294582e-05
1.932114449934766396e-06
8.751280946124040394e-04
7.590456062256088939e-03
7.291034899628227710e-05
8.771775918395526245e-11
2.722033227083280326e-05
5.837201462045014428e-08
2.020617206334006654e-05
2.259674576912576727e-01
1.000000000000000000e+00
1.237602518603368989e-03
7.281414937299603108e-04
7.063523109829004769e-03
1.783646090141173782e-06
8.311210370894403163e-03
2.596909097262451997e-13
5.199270594649771891e-03
1.931311369922759534e-04
4.333769905743815440e-14
1.279670308665913634e-04
1.002421343855800645e-02
2.550133926537280927e-03
2.459476925859103127e-07
2.658588815124720124e-06
1.576402464394050057e-09
2.106352357604527290e-13
2.686568957381522548e-04
2.813283223987559595e-11
9.999999999900950343e-01
9.999999999999005240e-01
2.644591447253871914e-03
9.048339930025032921e-05
8.658421828878185185e-04
9.830521862094525637e-10
3.389206997273701630e-04
7.731059026041657036e-05
1.000000000000000000e+00
3.307203763389106673e-06
3.549586047466917347e-06
1.250636133881907145e-03
1.523463139412760869e-04
1.078084873405082793e-02
4.412515077476647160e-03
7.057156432486206979e-04
1.443281468973176516e-03
2.189354231286884705e-09
5.824337030497924704e-11
5.102223099334295695e-05
1.194338996276216990e-03
7.028802020387007847e-03
1.491557091503748674e-05
1.185713676355405061e-02
2.766829535046783423e-05
1.943259445144169306e-08
7.846027224856093607e-01
4.993907983553051190e-03
8.063636813077654578e-03
1.000000000000000000e+00
4.598437852234404499e-04
3.655327856492670419e-02
5.939355286259703319e-07
4.893067032747887540e-05
5.522016586108239667e-04
1.294293136219263696e-03
3.189527944146383512e-14
4.271369211479568787e-03
3.759513750280395888e-02
3.550809824290515205e-09
4.747778208050106901e-07
8.827527361140559417e-06
7.908609827989243612e-03
8.014398801976426454e-05
1.561019780591521363e-06
3.344717811939391993e-06
3.884995902167274426e-06
4.830299063510710898e-12
2.416833231702374685e-01
1.070605267453318679e-07
5.593303908377170348e-04
9.001667220354888938e-04
3.539716728591457906e-05
1.269423143532300012e-11
1.010597336253602857e-04
6.039452055713605838e-09
4.358970239964107554e-06
4.105547740912801613e-01
1.156372899571148789e-07
1.456724277017211369e-05
3.419047410023633313e-07
9.262417766193758683e-06
2.957651319925493552e-05
2.687125048448240437e-08
2.003365000762289636e-08
4.491931567013173886e-06
1.029233612524512072e-03
6.774515331068638177e-07
4.211123956771419585e-14
6.715779303974613555e-03
1.698048871189212571e-06
9.172267277021346281e-09
1.678023243424195139e-03
1.560596495169607467e-01
5.749741488846077837e-07
9.999999992481747313e-01
5.339639517676833214e-08
5.186858815177223481e-07
1.841700887476892257e-02
4.440440649194394998e-04
6.035489694319170345e-02
1.000000000000000000e+00
7.071357060660658225e-07
6.536987790956809492e-06
1.955291321549509986e-06
1.279319559057537345e-05
2.235699055229025534e-06
1.060854909496064267e-05
1.931311369922759534e-04
9.419947200728756229e-03
9.999999962772108120e-01
1.297347085930752875e-03
1.138417787869041634e-06
1.062804119088704451e-05
1.490156695452034578e-03
2.717959367980908442e-05
1.597493207252501306e-10
8.751280946124040394e-04
3.633013121470839071e-04
9.411528375357135570e-05
2.405574862868133882e-03
3.205882801307800237e-04
2.908677263764156867e-05
4.184863463305767703e-05
1.555031699334503392e-05
8.751280946124040394e-04
1.000000000000000000e+00
1.058250187721575392e-01
6.322282451342147933e-03
2.438903814760680008e-03
8.494802620290513584e-01
3.687576286136471191e-10
9.999993085804322890e-01
6.793692562208309034e-03
3.038987590097129910e-09
4.059650812811164468e-15
7.450246077606057860e-04
1.603897584992830318e-09
8.006861095056222325e-04
5.141049824479211136e-12
5.922737449034929866e-03
9.999999996901465238e-01
2.142057521702380243e-03
9.999999995179109646e-01
9.999999999997157829e-01
3.759592774173910332e-09
1.661910005219254319e-02
6.171705640522580545e-05
9.988204413162837803e-01
1.283050764034025952e-09
9.372096038505670997e-10
9.119680754545941292e-01
1.735566818879900189e-08
2.467938549987393225e-11
3.323456731449234321e-04
4.745713481974239315e-15
9.999999995509512019e-01
7.895998785366414400e-07
1.993099127019397190e-13
3.294108449311384305e-21
1.444099440493231854e-03
1.183395451404194686e-02
2.933894105435129740e-01
9.157166594582537289e-03
3.236876633799417591e-01
9.998085487409154037e-01
1.959953565827849490e-07
3.245004649613588842e-04
9.744137184320275820e-08
2.440845497489004257e-01
9.999997611814778198e-01
1.342111414754329571e-06
1.576211716897610825e-03
4.755149911251194909e-04
1.732066675642258742e-06
2.392476659118957419e-12
2.774800414131451953e-01
1.000912754554243352e-11
7.371207975500728218e-04
7.067305294231802648e-01
9.999999999998863132e-01
5.677401837484042507e-03
8.098314599277671959e-06
8.146636378713529855e-07
4.924612757875026711e-03
7.205677207528229552e-06
3.518907600835423840e-10
4.763497457658134046e-05
2.785992740112835052e-05
1.858026268711641116e-01
4.386965683714509970e-03
2.869741461452443680e-06
9.999455085079282934e-01
4.192857441646749854e-05
5.086265369721156357e-05
1.707973602040961788e-03
2.156514907208939861e-04
1.387838006509780623e-08
1.181338278270005818e-05
1.763942186311051011e-05
1.123886056321339838e-04
3.977816600798851111e-04
5.606286944269129554e-06
1.931311369922759534e-04
8.751280946124040394e-04
9.999999993499102402e-01
6.769830295231879101e-05
5.119808586564610249e-06
9.997189029214613720e-01
2.709980491583245876e-08
2.598241849411199279e-07
3.981084854460618631e-07
6.688084104740021461e-07
2.704299835202942856e-02
1.000000000000000000e+00
1.220890211626581793e-03
4.144752585571717662e-03
1.331164130183597324e-03
9.999999711519369505e-01
1.178372553128061596e-03
2.694898056142638106e-04
1.543830246145711868e-05
1.871381705346522324e-04
1.238616752387746572e-02
1.816923260802278881e-03
1.207513048194829377e-05
3.993729992496931200e-10
1.350566391825273505e-05
1.585586644671054257e-01
1.634751430719885148e-03
1.750986910497817038e-08
4.378032552190758359e-06
4.879025072995936955e-05
1.323754387452352006e-03
7.425802332407974160e-02
3.656443077610662865e-21
